89 184
346 362
281 390
107 438
418 475
54 70
164 203
206 461
197 251
141 186
81 98
55 120
82 397
97 348
32 245
235 304
117 127
74 421
62 205
96 188
188 281
134 200
18 491
71 205
321 371
376 402
194 448
227 284
188 438
169 307
105 359
195 207
139 208
16 449
286 345
102 382
236 384
149 378
250 306
80 177
465 498
306 368
58 436
401 456
26 192
10 293
86 364
131 324
104 281
34 277
454 509
235 421
159 468
20 189
168 502
287 484
110 186
336 368
18 279
279 504
65 251
327 332
70 292
361 497
135 311
318 400
57 414
334 467
316 404
296 303
88 441
159 320
69 117
35 205
77 187
29 81
223 275
163 287
87 431
154 415
132 208
275 390
174 378
86 489
477 490
22 382
272 353
55 471
29 333
121 419
59 203
240 481
74 477
15 200
386 476
71 444
274 446
133 163
60 155
358 406
61 404
48 409
115 227
229 231
126 158
258 503
195 335
180 265
216 410
145 229
114 508
191 256
231 310
436 491
79 134
17 284
335 406
267 401
0 405
115 354
117 151
161 411
88 170
179 295
152 498
45 323
103 327
66 402
402 424
40 199
147 459
79 393
194 428
220 279
153 464
294 461
120 342
90 404
1 511
275 457
113 307
27 312
49 279
102 274
128 145
35 343
126 250
24 72
60 236
209 407
284 420
301 433
169 479
131 349
112 216
109 443
127 320
18 409
215 316
203 272
138 485
53 136
199 250
197 349
1 326
89 197
86 290
111 469
296 349
409 452
229 306
145 433
266 446
71 376
147 177
2 181
42 78
171 483
273 327
346 405
180 387
174 505
169 264
92 93
210 443
8 159
15 77
209 248
129 318
206 427
224 231
50 181
13 336
272 292
49 110
83 457
387 482
192 300
189 391
27 118
151 215
245 337
150 256
261 287
55 351
25 209
267 293
287 399
147 235
16 472
19 123
16 97
480 511
195 322
56 371
209 272
90 223
27 68
68 452
1 458
61 329
39 79
111 334
89 422
244 414
189 387
95 208
75 345
277 314
339 341
133 270
24 364
305 443
477 482
118 302
187 414
38 310
148 444
101 309
190 371
200 356
32 119
406 502
175 344
148 393
120 341
206 332
37 406
2 449
359 363
129 199
133 148
183 504
77 500
233 505
384 433
35 280
333 356
84 258
42 91
325 505
108 274
37 418
187 328
51 264
240 309
414 456
259 452
172 344
356 420
364 489
61 385
85 400
69 350
303 393
35 337
181 488
240 445
225 282
85 419
203 446
33 64
137 397
327 337
340 476
27 177
31 442
66 324
59 338
55 238
388 407
103 508
320 477
219 352
315 407
56 190
86 280
44 335
66 76
83 165
40 297
47 102
106 218
64 228
126 411
124 282
379 448
341 435
215 443
31 424
344 463
357 448
37 318
40 333
422 442
259 387
437 440
248 454
199 319
138 317
159 345
125 181
154 307
268 299
325 366
102 143
308 397
26 419
177 405
290 295
209 336
43 221
154 481
0 275
182 182
240 324
15 250
12 133
179 436
178 311
289 300
81 200
209 304
159 389
151 347
447 502
349 492
54 329
162 162
200 311
34 496
171 194
58 329
199 367
451 481
112 155
278 284
154 319
30 324
174 319
113 359
177 461
8 53
313 496
53 328
293 400
30 50
166 342
99 199
155 344
378 439
50 272
41 285
457 507
32 62
332 362
39 223
102 207
86 199
242 318
223 461
108 203
269 350
229 476
20 425
9 152
87 275
140 371
99 278
64 407
174 416
300 471
40 380
71 183
220 300
271 362
177 319
211 227
144 205
118 457
101 318
301 436
51 187
20 510
316 485
348 389
106 476
334 464
364 496
46 52
130 313
187 407
122 486
259 320
222 403
293 413
294 304
145 375
99 237
61 153
180 223
34 87
250 421
126 311
242 261
171 437
102 455
372 428
461 471
201 251
258 365
139 475
35 73
260 296
150 471
245 301
284 374
6 189
44 452
173 278
32 491
292 431
304 462
46 349
58 338
138 443
288 391
49 175
213 255
207 442
227 278
133 304
365 467
29 87
79 141
259 406
58 382
85 171
203 470
315 447
156 165
461 466
319 441
104 315
342 366
51 77
198 494
7 477
64 503
339 378
209 348
453 503
210 308
42 472
75 480
25 268
368 433
79 508
435 509
293 313
404 432
66 218
218 406
454 462
439 490
25 201
322 430
149 461
55 155
119 474
104 145
101 250
279 302
115 467
160 347
61 267
126 384
48 90
253 370
42 232
50 132
303 320
281 440
328 478
52 498
157 188
56 71
238 460
342 384
494 496
200 420
67 101
133 351
171 441
190 323
123 363
337 446
87 170
147 253
49 461
108 327
32 98
315 482
71 343
73 344
114 189
47 228
168 465
106 211
165 442
385 480
32 194
336 453
140 259
159 427
187 381
244 324
368 410
451 468
30 510
6 505
38 410
17 308
39 79
237 408
102 439
281 338
140 461
181 310
112 373
250 286
224 498
47 197
50 318
159 395
106 493
29 357
115 354
29 229
35 180
151 376
205 218
111 379
359 390
219 507
416 488
66 416
236 328
248 432
208 467
23 202
229 348
66 332
37 445
144 483
226 260
84 427
258 321
224 466
94 146
241 510
350 446
26 35
135 270
35 313
262 408
306 471
90 480
222 244
181 294
255 467
257 325
318 466
209 260
45 502
267 511
151 471
183 309
137 374
370 403
355 391
246 441
193 246
118 367
103 260
1 152
101 298
200 252
223 255
223 386
293 471
192 255
339 362
220 229
180 473
205 426
42 396
418 469
53 142
175 214
6 196
76 345
256 340
17 362
372 504
35 287
52 410
140 429
19 215
207 472
62 116
292 400
76 146
4 78
150 211
148 378
158 173
159 369
437 474
389 474
154 435
426 498
168 352
109 478
182 197
160 427
401 493
164 294
345 410
480 483
346 507
129 478
307 438
61 84
106 390
187 421
305 374
20 120
151 386
100 300
68 134
116 211
394 449
172 477
215 292
216 383
386 428
321 477
182 439
164 367
166 335
156 346
119 484
244 463
323 450
93 498
159 286
195 264
279 471
86 345
176 358
23 143
404 498
65 166
270 452
436 500
36 156
236 476
279 345
222 339
143 332
253 477
83 438
62 176
366 457
313 341
160 437
366 369
127 184
31 336
215 401
100 259
7 237
56 309
287 369
122 236
304 320
0 117
102 261
334 360
117 265
316 428
116 141
224 330
79 406
248 303
9 415
22 336
455 464
243 380
0 209
146 279
45 494
323 494
291 332
7 257
246 252
376 426
254 384
452 489
34 505
56 377
80 210
242 266
297 455
206 441
19 303
63 253
150 508
92 361
83 489
8 206
46 403
72 418
351 482
391 439
27 443
121 140
153 211
88 358
42 137
331 365
392 397
121 484
250 491
285 351
205 227
38 444
47 57
53 415
73 141
370 378
190 442
116 141
84 351
96 354
368 409
408 484
44 126
37 430
159 278
150 470
16 209
295 445
54 283
227 382
81 287
329 437
188 405
172 232
94 432
128 392
129 235
103 436
74 344
187 494
345 470
236 509
349 420
37 503
61 375
242 280
104 176
33 387
107 450
128 337
274 275
98 386
48 494
36 239
155 451
101 290
398 423
84 103
97 166
317 337
226 360
170 319
234 237
58 421
28 251
42 365
290 409
369 383
30 504
48 106
82 100
251 438
457 476
222 311
64 454
120 393
98 434
14 276
182 439
430 502
177 244
422 442
138 438
162 411
294 300
122 365
163 311
138 192
128 492
164 409
21 487
143 465
158 327
240 312
69 166
110 303
1 21
103 452
168 472
51 68
176 456
139 240
436 502
112 503
30 142
224 252
96 405
348 460
88 293
5 124
166 468
238 414
327 391
127 406
144 461
212 491
9 369
290 368
265 311
136 347
182 316
380 486
56 344
78 384
337 371
64 268
299 490
108 504
103 265
121 124
292 361
154 416
1 372
353 437
9 509
230 284
202 218
112 375
46 68
25 155
179 304
27 151
55 350
329 417
221 366
245 322
374 499
17 57
13 19
254 488
308 502
90 316
261 439
3 310
5 457
316 350
17 199
196 488
30 312
57 366
46 414
158 324
461 476
2 141
34 495
64 410
270 509
211 449
63 433
497 498
66 437
149 472
23 371
62 492
40 406
31 270
108 268
308 444
216 421
242 280
76 430
190 344
185 217
163 169
202 375
32 113
39 66
24 351
139 476
132 429
367 429
235 409
193 241
273 331
139 142
163 386
139 205
133 268
340 374
400 407
16 69
255 268
131 412
143 277
310 466
2 90
33 34
374 383
41 351
305 379
0 293
113 200
205 243
104 477
205 440
39 491
100 158
202 495
402 403
181 443
14 290
4 27
44 421
220 290
68 315
111 303
138 424
364 370
215 370
49 460
81 162
247 249
273 496
183 234
45 315
194 208
106 168
209 290
129 376
37 150
277 331
210 385
260 423
267 414
123 192
363 416
450 467
165 187
64 137
302 348
368 381
252 453
75 356
228 374
